1480.047298 2903.3295 0.0291 57 51 8.476e-30
1480.220772 3083.8653 0.008751 33 31 3.085e-28
1480.229248 1907.4514 8.839 7 7 2.012e-23
1480.240225 1843.0296 9.601 23 23 9.821e-23
1480.283177 2384.0419 19.74 45 45 5.663e-26
1480.317043 4290.757 4.647 39 39 5.483e-28
1480.401611 2622.0092 0.6093 75 81 9.162e-28
1480.602106 5546.739 5.303 33 33 1.181e-30
1480.629447 5378.7445 9.176 15 15 2.102e-30
1480.668853 1897.6272 9.042 21 21 1.287e-25
1480.676079 5761.0288 15.36 33 33 1.207e-30
1480.697789 2572.1392 17.96 45 45 1.038e-23
1480.722258 4174.0385 0.0738 81 81 3.188e-29
1480.739668 4174.0385 21.02 81 81 9.078e-27
1480.764673 780.4528 2.006 39 45 1.21e-23
1480.772814 4437.3997 0.1556 25 27 5.766e-30
1480.917402 3425.1795 5.21 7 9 1.473e-29
1480.954802 2398.3815 0.04913 45 39 6.605e-26
1481.02207 1805.5767 10.89 7 7 8.082e-26
1481.061484 3976.3081 8.325 27 33 3.133e-27
1481.194631 3643.7949 23.35 69 69 2.248e-28
1481.201546 2000.863 6.004 27 33 3.343e-23
1481.246898 542.9058 4.507 11 13 1.223e-20
1481.299493 4052.8109 0.006589 81 81 5.127e-30
1481.341744 5457.243 14.77 29 29 4.463e-30
1481.400199 5457.2373 15.22 87 87 1.379e-29
1481.515616 648.9787 9.095e-08 33 39 4.419e-28
1481.525242 2054.3452 0.0007159 69 63 7.852e-27
1481.694628 2575.9713 10.92 27 27 7.383e-27
1481.708102 4076.1432 1.531 9 11 1.181e-28
1481.778351 1282.9191 1.213 51 57 4.179e-22
1481.79548 136.7617 1.96e-07 9 21 3.131e-27
1481.798754 2105.8679 10.13 25 25 3.132e-23
1481.852117 5887.7655 10.62 75 75 1.023e-30
1481.856456 3255.346 33.66 5 5 7.795e-26
1481.958086 3162.2589 24.32 21 21 3.718e-25
1481.977491 204.7558 8.236 5 7 1.044e-22
1482.10338 3807.338 12.33 99 99 7.681e-29
1482.477438 1739.4837 18.43 5 7 6.759e-23
1482.53986 1817.4512 15.35 7 9 5.395e-23
1482.647888 3887.1142 10.23 9 15 1.975e-27
1482.654491 4493.8045 2.391 51 57 1.371e-28
1482.770545 1211.1856 0.01561 21 19 6.232e-27
1482.882481 4784.9997 25.3 29 29 2.002e-28
1483.018819 5315.5001 22.24 9 15 4.143e-30
1483.027032 5739.2291 14.08 123 123 4.572e-30
1483.085297 5119.3757 13.75 81 81 5.979e-29
1483.095077 5119.3743 13.83 27 27 2.005e-29
1483.171464 1001.7057 7.516 51 51 2.016e-23
1483.196176 4190.2622 4.951 13 13 3.162e-28
1483.369346 3188.8572 36.33 9 9 4.152e-28
1483.424382 5034.3872 0.332 75 69 2.02e-30
1483.430285 3139.4759 0.01768 17 19 2.44e-28
1483.492432 4149.8992 1.795 9 11 9.654e-29
1483.554289 4243.154 0.009338 33 31 1.17e-30
1483.620331 3244.6007 12.11 93 93 5.481e-25
1483.63304 5608.2855 13.38 27 27 1.8e-30
1483.655498 134.9016 5.2e-08 9 15 8.361e-28
1483.656014 5510.9196 14.42 9 9 1.038e-30
1483.793471 4401.9419 0.6258 13 13 1.427e-29
1483.926099 550.4508 4.779 39 39 8.781e-23
1483.9309 3080.1787 0.009493 99 93 1.017e-27
1483.999399 4695.8364 0.6269 15 15 3.952e-30
1484.188534 3789.9692 10.84 3 5 1.117e-27
1484.257225 1899.0082 0.8117 63 69 1.723e-23
1484.351052 2758.9599 20.81 17 17 3.625e-27
1484.501562 4578.8823 0.1005 15 15 1.118e-30
1484.504774 3659.904 23.41 69 69 1.043e-25
1484.714838 661.5489 4.626e-08 13 13 8.295e-29
1484.730342 4803.82 12.21 75 75 2.274e-28
1484.730486 4803.8201 12.2 25 25 7.574e-29
1484.971571 325.2157 8.495 9 11 1.075e-22
1485.1036 5439.0564 10.33 69 69 8.068e-30
1485.133593 1907.6158 9.149 21 21 6.201e-23
1485.307361 3441.0396 0.03304 63 69 3.891e-28
1485.508504 5415.4888 30.02 33 33 1.257e-29
1485.522633 4792.3403 0.794 45 51 9.375e-30
1485.627556 1995.8701 13.82 9 9 5.195e-26
1485.654397 1574.4493 9.374 63 63 1.913e-24
1485.655445 3779.8862 12.65 9 15 8.145e-30
1485.656617 3770.7247 0.4536 19 21 3.243e-28
1485.737267 3770.7113 0.4545 57 63 9.747e-28
1485.806516 2037.9335 0.0007644 69 63 1.795e-29
1485.895748 3386.0524 0.0002976 27 25 1.961e-30
1486.045164 3306.2951 0.005487 51 51 1.006e-28
1486.121554 5067.0767 8.622 57 57 3.389e-29
1486.158431 1201.9215 7.916 57 57 4.492e-21
1486.165787 4038.4034 0.6882 69 69 4.861e-28
1486.203453 1813.7876 11.09 7 7 3.949e-23
1486.273503 4510.9021 10.17 23 23 2.409e-28
1486.273976 4510.9021 10.17 69 69 7.226e-28
1486.354388 3869.2041 8.623 21 27 8.387e-30
1486.410116 1327.1176 2.813e-06 25 23 3.808e-28
1486.425355 5108.3493 4.345 19 19 4.656e-30
1486.677644 3831.1149 27.79 25 25 3.87e-29
1486.689397 4865.2267 0.3661 35 37 2.355e-30
1486.743722 2392.5926 20.29 45 45 2.784e-23
1486.969769 4717.4742 12.61 5 3 2.375e-29
1486.977104 4725.0622 7.656 51 51 1.418e-28
1486.981147 3072.7264 0.007823 57 63 4.983e-28
1486.99491 285.4186 2.274e-08 21 21 4.086e-28
1487.108679 4457.8187 7.608 15 15 1.519e-28
1487.113108 4971.2606 8.826 19 19 1.84e-29
1487.348525 206.3014 8.367 5 7 5.256e-20
1487.363981 5698.4895 9.833 69 69 2.17e-30
1487.508868 2586.5298 11.14 27 27 3.569e-24
1487.718946 4240.9421 7.611 21 21 6.1e-28
1487.719283 4240.942 7.611 63 63 1.83e-27
1487.797671 4553.2735 6.607 45 45 2.486e-28
1487.993821 3822.2463 12.57 99 99 3.634e-26
1488.017519 3943.4981 26.0 25 25 2.093e-29
1488.089855 4165.4738 3.819 33 33 6.938e-28
1488.186337 2771.6902 20.88 17 17 1.711e-24
1488.286917 3438.575 5.173 7 9 6.823e-27
1488.436627 4174.0385 6.797 81 81 2.906e-27
1488.560865 4889.4571 3.622 51 51 3.011e-29
1488.637004 3832.252 0.3894 23 23 2.489e-28
1488.666405 3201.9135 36.9 9 9 1.976e-25
1488.671241 2894.7055 24.92 57 57 7.482e-27
1488.865615 1216.2313 0.01738 21 19 3.377e-24
1488.893565 5721.0967 10.84 87 87 2.698e-30
1488.923188 5152.9645 26.85 93 93 1.13e-28
1488.964345 3314.8557 4.549e-05 75 69 1.172e-30
1489.049928 1006.1159 7.687 51 51 1.007e-20
1489.063219 3994.2603 4.33 57 57 3.119e-27
1489.063264 3994.2603 4.332 19 19 1.04e-27
1489.068639 3530.9575 1.052 15 17 1.896e-27
1489.068693 3530.9575 1.052 45 51 5.687e-27
1489.109541 3890.8293 0.01502 5 7 1.569e-30
1489.302425 782.4098 1.949 39 45 5.791e-21
1489.305654 3209.2262 13.83 3 5 4.735e-29
1489.345658 4606.1678 13.96 37 37 3.332e-28
1489.372555 3977.2616 8.079 7 9 7.759e-28
1489.516227 5601.5315 9.939 23 23 1.168e-30
1489.534341 3429.0357 12.08 31 31 1.467e-28
1489.625666 3885.7377 12.26 3 5 7.869e-28
1489.655155 4774.0439 0.06477 87 87 1.607e-30
1489.68195 5369.692 13.34 15 21 3.154e-30
1489.772594 4408.0288 1.055 39 39 6.948e-29
1489.831217 4149.8992 1.652 9 11 8.809e-29
1489.841968 552.9114 4.898 39 39 4.437e-20
1490.019829 2265.4377 10.72 75 75 9.003e-26
1490.02218 2005.917 13.94 9 9 2.495e-23
1490.040401 324.0467 8.299 27 33 3.147e-22
1490.101126 2735.4188 0.01229 93 87 1.303e-29
1490.272177 3224.5466 0.0985 69 63 3.615e-27
1490.467304 2556.4621 0.08127 17 15 3.758e-29
1490.495985 1734.2185 9.291 15 15 2.063e-25
1490.507083 4689.3287 0.3522 15 17 2.272e-30
1490.702761 4195.4773 0.02307 33 39 3.61e-30
1490.7551 4407.0463 0.01596 39 39 1.055e-30
1490.794395 5276.8023 13.85 39 39 1.336e-29
1490.825727 326.6255 8.581 9 11 5.381e-20
1490.91527 2986.259 23.82 57 57 4.568e-27
1490.976702 3788.6944 12.87 9 15 3.966e-27
1491.039135 5334.8604 2.413 75 75 3.373e-30
1491.03915 5334.8604 2.412 25 25 1.124e-30
1491.146678 4622.9062 8.222 17 17 8.294e-29
1491.150948 4050.5125 0.03807 27 33 9.854e-30
1491.203503 3535.8705 1.29 63 69 9.503e-27
1491.390445 1581.336 9.566 63 63 9.421e-22
1491.420265 3224.5466 0.01962 57 63 5.938e-28
1491.552678 4065.1318 5.072 11 11 4.979e-28
1491.603865 5434.4838 9.39 21 21 2.263e-30
1491.627202 383.8425 3.738e-08 9 9 1.773e-28
1491.63029 3887.1142 0.007236 15 15 2.301e-30
1491.635938 3959.2534 26.05 25 25 9.722e-27
1491.829431 4759.8526 2.936 13 13 1.163e-29
1491.859679 5381.552 9.712 27 27 3.891e-30
1491.860663 5381.552 9.709 81 81 1.167e-29
1491.861376 4759.853 2.937 39 39 3.49e-29
