1742.100443 79.4964 1.987e-07 27 15 9.103e-27
1742.465173 2126.4077 4.331 11 11 3.859e-24
1742.485742 2618.9212 5.645 51 51 4.231e-27
1742.565233 383.8425 1.907e-07 11 9 8.104e-28
1742.602324 2527.6886 4.705 81 81 8.727e-27
1742.643126 4525.239 8.473 29 29 1.717e-28
1742.736823 4469.7964 41.03 25 23 9.384e-28
1742.828859 3887.1142 5.566 21 15 1.816e-27
1742.917611 4469.7372 41.04 75 69 2.816e-27
1742.978178 4396.0514 0.2977 81 87 3.156e-29
1742.996452 1739.4837 4.48e-07 11 7 2.616e-30
1743.045815 927.7439 1.538 17 15 7.178e-22
1743.050474 508.8121 2.514 33 33 1.745e-20
1743.060668 2200.4375 4.495 25 25 1.262e-26
1743.066685 3567.1734 0.0005659 99 105 4.121e-30
1743.318683 4052.8109 0.02786 75 81 1.45e-29
1743.453481 4068.9311 3.572 19 19 4.354e-28
1743.468549 3598.727 3.752 9 9 2.13e-27
1743.486347 0.0 1.432e-08 5 1 1.785e-28
1743.59962 1255.1668 1.162 57 51 3.701e-22
1743.613887 648.9787 2.599 45 39 1.244e-20
1743.696786 70.0908 2.319e-08 7 5 2.879e-28
1743.700468 812.7616 3.088 15 15 4.418e-24
1743.758299 2406.1409 1.557e-05 11 11 3.557e-30
1743.802853 2271.7123 5.151 39 39 8.016e-24
1743.878564 740.9986 1.35 51 51 9.306e-24
1743.882741 3997.5085 0.9392 23 21 1.96e-28
1743.898604 583.9864 12.22 17 15 6.022e-23
1743.918594 3997.5082 0.9392 69 63 5.88e-28
1743.978309 3291.1483 0.0004227 111 105 1.319e-29
1744.035537 3654.2151 0.3771 25 27 4.537e-28
1744.117165 3573.6754 5.185 25 25 1.835e-29
1744.178526 5477.0057 7.24 81 81 4.005e-30
1744.288134 583.7778 12.23 51 45 1.809e-22
1744.298168 2318.5399 14.06 17 15 7.591e-24
1744.302745 2501.9593 2.29 57 57 3.381e-27
1744.321004 3597.8661 3.739 27 27 6.388e-27
1744.333328 4850.4413 2.976 19 19 8.116e-30
1744.404776 3885.7377 5.475 7 5 5.984e-28
1744.592028 661.5489 2.676e-09 11 13 2.942e-30
1744.592405 885.6002 2.71 51 51 4.648e-21
1744.596288 4661.4264 1.025 19 19 7.003e-30
1744.637859 4714.8188 5.605 69 69 1.073e-28
1744.769174 3719.4928 5.637 11 11 2.171e-27
1744.848591 5027.2567 1.847 63 63 7.069e-30
1744.970248 4174.0385 8.03 81 81 2.499e-27
1745.181891 4938.254 0.5608 31 31 1.627e-30
1745.282357 3654.0489 0.3737 75 81 1.348e-27
1745.286299 1684.4392 3.021 69 69 2.868e-25
1745.455088 5334.9883 1.96 63 63 1.679e-30
1745.513685 4015.5151 0.4057 33 39 1.111e-28
1745.616437 1327.11 0.002246 63 69 5.559e-25
1745.636662 2818.3981 0.01171 51 57 1.668e-27
1745.77616 383.8425 1.627 9 9 5.636e-21
1745.798661 3864.9661 6.708 39 39 4.511e-27
1745.802895 4488.1456 12.48 19 17 1.978e-28
1745.81847 3323.2698 0.2687 21 23 1.354e-27
1745.89966 2000.863 0.002821 27 33 1.131e-26
1745.914574 4488.0905 12.49 57 51 5.936e-28
1746.055127 4661.4485 1.003 57 57 2.053e-29
1746.063426 3321.0133 0.004356 57 57 6.023e-29
1746.154825 2327.8838 0.001904 27 29 1.557e-27
1746.245228 5613.369 8.24 45 45 1.302e-30
1746.270367 4572.4463 0.6196 51 45 1.748e-29
1746.290481 744.0637 1.418 17 17 1.61e-21
1746.344647 3833.1444 0.9975 75 69 1.505e-27
1746.346827 2690.5937 4.596 19 19 4.536e-25
1746.483288 4728.2211 0.7516 93 93 1.813e-29
1746.56305 4774.0439 0.5953 87 87 1.075e-29
1746.614706 2439.9545 5.574 15 15 1.468e-24
1746.991873 4925.7869 2.064 21 21 4.3e-30
1747.005176 3526.6275 0.0006566 63 57 3.689e-30
1747.082332 382.5169 1.615 27 27 1.687e-20
1747.089866 1731.8967 4.337e-07 33 21 7.847e-30
1747.244966 5280.0962 3.098 33 33 1.812e-30
1747.249264 1477.2974 1.167 63 57 1.389e-22
1747.301922 4894.5858 8.329 93 93 8.942e-29
1747.334582 4232.3843 0.05767 17 15 2.829e-30
1747.360378 70.0908 1.986e-07 9 5 3.156e-27
1747.429978 3791.3721 0.04343 21 21 2.245e-29
1747.461965 1619.0556 0.9351 63 57 1.111e-25
1747.490317 4387.3572 8.427 19 17 2.175e-28
1747.612034 5246.8002 2.327 21 21 1.018e-30
1747.657319 4387.0634 12.93 57 51 1.002e-27
1747.727237 503.9681 2.442 11 11 5.755e-21
1747.903997 2146.2638 12.55 15 13 1.376e-23
1747.966158 4033.6146 7.298 15 15 8.295e-28
1747.975981 2129.5992 0.0004026 27 27 8.614e-28
1747.976133 2512.3757 26.42 21 19 6.84e-24
1747.977427 382.5169 1.63e-07 33 27 2.079e-27
1748.103972 4856.2153 18.33 7 5 1.783e-29
1748.150229 4559.7076 1.15 57 57 3.85e-29
1748.15117 3317.2106 15.27 7 5 2.635e-26
1748.183982 2512.2829 26.43 63 57 2.053e-23
1748.372101 5087.0171 2.671 19 19 2.296e-30
1748.380349 3833.1444 0.3167 63 69 4.004e-28
1748.3983 2660.9462 0.0001044 35 33 2.186e-29
1748.407837 1735.4377 10.9 7 5 8.163e-26
1748.534327 4386.3132 4.496 19 17 1.165e-28
1748.566179 3832.252 0.3166 21 23 1.34e-28
1748.609411 2126.4077 0.01328 9 11 9.609e-27
1748.642663 4188.3943 0.05356 45 45 8.6e-30
1748.655634 275.497 5.173 11 9 3.697e-20
1748.660245 3587.6667 5.458 25 25 9.027e-27
1748.854878 2502.0408 2.258 19 19 1.105e-27
1749.078874 4855.2994 18.24 21 15 5.341e-29
1749.234893 1732.2627 3.019 9 7 2.95e-26
1749.282569 3789.9692 5.57 7 5 9.643e-28
1749.299006 3101.1423 0.003587 19 17 4.796e-29
1749.308219 3316.1453 15.16 21 15 7.879e-26
1749.402807 648.9787 2.898 39 39 1.194e-20
1749.546453 4062.8381 21.9 19 17 2.73e-27
1749.599348 1894.1955 3.994 69 69 1.361e-25
1749.673241 4368.6369 0.0135 51 45 1.022e-30
1749.71267 1001.7057 3.101 51 51 5.981e-24
1749.762008 1734.2185 10.79 21 15 2.434e-25
1749.864269 4382.7798 0.2679 27 29 1.002e-29
1749.910395 2873.3225 4.469 29 29 5.484e-28
1749.953973 1794.3801 0.5993 63 57 3.028e-26
1750.045533 4243.154 0.0152 29 31 1.203e-30
1750.05479 4842.1313 7.054 69 63 7.227e-29
1750.107717 3788.6944 4.547 21 15 2.374e-27
1750.132601 5175.9551 2.587 21 21 1.592e-30
1750.245066 4643.9991 0.3128 51 51 6.205e-30
1750.297434 2829.5609 5.492 19 19 5.46e-28
1750.301307 1794.3745 0.5999 21 19 1.01e-26
1750.31415 4290.757 6.609 45 39 6.44e-28
1750.323408 550.4508 6.545 45 39 9.979e-23
1750.365267 4559.7519 1.133 19 19 1.261e-29
1750.37516 1690.6644 3.186 69 69 1.467e-22
1750.395505 3101.1423 0.004469 17 17 5.339e-29
1750.69623 2116.1385 0.01288 9 11 1.944e-29
1750.867477 2512.2829 2.365 57 57 1.657e-24
1750.941907 4188.3943 0.009258 39 45 1.285e-30
1750.984128 586.4792 12.43 17 15 3.019e-20
1751.003211 744.1627 1.394 51 51 4.72e-21
1751.024488 1551.2047 0.00121 69 75 2.181e-28
1751.02942 2733.9627 0.0001735 45 39 3.267e-29
1751.04757 3939.8319 0.1058 87 87 1.096e-28
1751.121795 2399.1655 0.2782 11 13 6.517e-26
1751.131093 3939.7465 0.1066 29 29 3.683e-29
1751.179582 3713.0824 0.01116 11 13 4.401e-30
1751.423264 586.2435 12.43 51 45 9.067e-20
1751.481611 1813.2234 0.004193 63 69 9.705e-26
1751.482325 2073.5156 6.346e-06 93 87 6.118e-29
1751.48572 3583.3747 0.01212 75 81 6.12e-29
1751.485812 3583.3746 0.01212 25 27 2.04e-29
1751.496369 2631.2834 0.0008479 29 31 1.694e-28
1751.54279 2630.1926 5.697 51 51 2.012e-24
1751.6214 2998.7664 0.001292 63 57 9.399e-29
1751.623171 5207.8021 0.8082 63 63 1.276e-30
1751.854361 2533.7931 4.776 81 81 4.279e-24
1751.872448 4224.5865 7.536 51 51 1.146e-27
1751.882381 1631.383 0.9596 63 57 5.373e-23
1751.898777 2771.6902 0.04204 17 17 2.487e-27
1752.137255 4382.7798 6.682 29 29 2.677e-28
1752.202612 1618.8961 0.9546 21 19 3.763e-26
1752.410449 3997.5085 0.0229 19 21 3.909e-30
1752.410766 3997.5082 0.0229 57 63 1.173e-29
1752.47317 5781.9584 9.305 81 81 1.158e-30
1752.555477 3523.74 6.357 69 69 7.839e-29
1752.813802 816.6942 3.115 15 15 2.176e-21
1752.845267 2983.3963 0.3397 31 29 1.308e-26
1752.939719 3974.631 0.07546 27 27 2.045e-29
1753.014256 3843.4104 7.201 25 25 3.419e-27
1753.195868 2386.3658 0.2578 11 13 1.275e-28
1753.281391 3535.8705 0.0001947 75 69 1.236e-30
1753.305545 3937.5721 0.428 29 31 1.491e-28
1753.307521 3937.5719 0.4281 87 93 4.474e-28
1753.541214 2905.4336 0.002885 45 45 2.354e-28
1753.556967 4586.6832 0.4247 15 15 3.261e-30
1753.600605 2205.6528 4.49 25 25 6.107e-24
1753.606432 300.3623 4.023e-08 33 27 7.6e-28
1753.651426 1075.9095 2.26 19 19 1.127e-24
1753.821575 398.3605 5.859 39 33 1.615e-22
1753.846099 5027.5596 1.773 21 21 2.235e-30
1753.857859 3770.7113 0.07006 69 63 1.306e-28
1753.861532 2915.8743 0.004757 63 69 5.163e-28
1754.117088 1810.5879 0.6123 63 57 1.431e-23
1754.165794 4861.8032 2.574 51 51 1.763e-29
1754.339447 4268.2408 23.88 21 19 1.206e-27
1754.362525 2300.7742 14.28 51 45 4.956e-26
1754.374079 3833.1444 1.476 75 69 2.206e-27
1754.408038 2406.7694 3.504 81 81 1.154e-26
1754.420231 1810.5833 0.6132 21 19 4.776e-24
1754.450427 4483.2279 5.849 63 63 3.116e-28
1754.485237 2981.3599 0.0001949 37 35 9.03e-30
1754.665173 4190.2622 6.826 15 13 3.596e-28
