1312.1415 3861.7161 5.608 75 81 2.59e-29
1312.221394 2536.9347 22.49 11 13 9.536e-27
1312.239671 733.6829 0.00266 33 33 2.168e-26
1312.335481 3924.4029 6.701 111 111 3.376e-29
1312.346791 2426.1965 3.599 25 27 2.987e-24
1312.366129 3924.3693 6.704 37 37 1.126e-29
1312.369922 2536.9095 22.5 33 39 2.862e-26
1312.399592 1411.6419 10.08 15 17 6.955e-22
1312.418286 3654.2151 10.28 25 27 2.181e-26
1312.422251 2064.673 5.675 81 87 1.759e-25
1312.426601 2064.6724 5.675 27 29 5.863e-26
1312.45113 2386.3658 0.1777 13 13 1.851e-28
1312.55147 2919.633 0.002167 45 51 2.941e-28
1312.555697 1411.6115 10.08 45 51 2.087e-21
1312.556735 2872.2744 4.348 87 93 1.436e-24
1312.568077 2239.157 0.06977 33 33 3.772e-28
1312.632646 839.5494 2.061 39 45 1.186e-23
1312.71464 610.1144 0.006186 11 11 1.54e-23
1312.784771 508.8121 7.068e-09 27 33 7.066e-29
1312.786689 610.1144 1.461e-08 9 11 2.975e-29
1312.945397 1246.3684 7.34 45 51 6.743e-24
1313.004092 2714.4443 29.55 11 13 5.281e-27
1313.004934 2714.4441 29.55 33 39 1.584e-26
1313.041307 2272.646 0.2113 13 13 3.821e-28
1313.045187 4774.8049 0.1186 45 51 1.95e-30
1313.102732 4382.7798 5.917 27 29 3.924e-28
1313.160933 2116.5645 3.582 69 75 7.342e-26
1313.229533 3592.4239 8.462 69 75 6.683e-26
1313.441807 3654.0489 10.27 75 81 6.533e-26
1313.483091 503.9681 0.2618 9 11 8.922e-22
1313.502464 5021.3913 25.69 21 27 5.942e-29
1313.592215 2251.8625 0.06751 33 33 1.723e-25
1313.59649 1255.9116 7.415 15 17 1.089e-21
1313.695726 601.2378 0.6497 11 13 3.353e-24
1313.916935 2399.1655 0.1742 13 13 8.554e-26
1314.216676 3719.4928 20.88 9 11 1.158e-26
1314.422796 4714.8188 15.35 63 69 4.719e-28
1314.489144 3623.7648 2.536 31 33 7.712e-27
1314.509734 1907.4514 0.08127 5 7 1.674e-25
1314.544456 709.6082 6.997e-08 11 15 1.071e-28
1314.739987 1590.6907 12.76 15 17 3.676e-22
1314.743486 1590.6901 12.76 45 51 1.103e-21
1314.843979 4265.9742 0.01266 21 23 1.149e-30
1314.92917 3727.2104 41.76 7 9 3.446e-29
1315.018072 3291.1497 0.06514 37 35 1.19e-27
1315.040282 3727.1961 41.77 21 27 1.034e-28
1315.076797 5563.3997 3.083 63 69 1.531e-30
1315.25415 5207.8021 3.663 57 63 9.266e-30
1315.548326 4265.9764 0.01287 63 69 3.501e-30
1315.571789 3940.5447 0.01587 37 37 1.233e-29
1315.573397 2733.9627 0.2335 33 39 5.703e-26
1315.770893 5414.1268 28.1 45 51 2.057e-29
1315.771095 4123.2853 0.04249 69 75 2.532e-29
1315.860373 1998.9953 0.2092 69 69 3.803e-24
1315.872669 3080.1787 3.557 87 93 4.255e-25
1315.890753 4851.8211 0.4969 123 117 1.529e-29
1315.926253 2282.5896 7.879 11 13 5.752e-24
1315.993134 2552.8798 22.85 11 13 4.484e-24
1316.08814 2124.9514 3.582 69 75 3.529e-23
1316.129696 2552.8573 22.87 33 39 1.346e-23
1316.170967 2386.3658 15.66 11 13 1.372e-26
1316.322982 1835.4865 3.637 21 23 8.851e-26
1316.420858 3487.3993 0.001118 25 23 5.303e-30
1316.540882 2733.963 29.97 11 13 2.437e-24
1316.549801 2733.9627 29.74 33 39 7.253e-24
1316.594588 4669.7359 0.04377 69 63 1.829e-30
1316.793305 3877.0887 8.014 75 81 1.715e-26
1316.972434 1255.1668 7.494 45 51 3.297e-21
1317.216865 3309.7449 8.396 21 23 1.576e-28
1317.386646 1768.8011 15.35 15 17 3.685e-25
1317.386647 1768.8012 15.35 45 51 1.105e-24
1317.462705 2282.5896 0.2256 13 13 1.942e-25
1317.610559 2073.5156 5.663 81 87 8.39e-23
1317.615273 2073.5155 5.664 27 29 2.797e-23
1318.043669 3940.5869 6.883 111 111 1.598e-26
1318.086289 3940.5447 6.865 37 37 5.314e-27
1318.256213 4246.262 14.07 57 57 7.545e-30
1318.325233 4483.2279 15.65 57 63 1.334e-27
1318.585882 3746.7759 42.39 7 9 1.591e-26
1318.690827 3746.7627 42.41 21 27 4.775e-26
1318.823532 4578.9779 0.223 39 45 8.161e-30
1318.874242 2733.9627 7.356e-05 45 39 2.438e-29
1318.929462 842.3566 2.172 39 45 6.141e-21
1318.976946 4268.2408 14.17 19 19 1.144e-27
1319.152943 2905.4336 0.0001972 51 45 3.217e-29
1319.196434 3319.4485 7.145e-05 111 111 3.391e-30
1319.22924 1843.0296 3.659 21 23 4.299e-23
1319.825738 5304.7275 2.842 19 21 1.486e-30
1319.963625 4507.5227 14.33 31 31 5.887e-28
1320.030096 3481.4976 8.721 7 9 2.358e-29
1320.055578 602.7735 0.6812 11 13 1.738e-21
1320.100932 3131.5832 12.4 69 75 1.811e-27
1320.127628 602.7735 5.308e-08 9 13 1.108e-28
1320.16064 3131.5751 12.4 23 25 6.036e-28
1320.199724 5409.6979 24.23 45 45 1.8e-29
1320.2562 1574.4493 3.849 57 63 8.99e-25
1320.327343 2399.1655 15.97 11 13 6.572e-24
1320.435054 2385.5134 15.93 33 39 4.179e-26
1320.543695 2541.1724 4.473 81 87 1.351e-26
1320.604277 4506.7338 14.36 93 93 1.776e-27
1320.625424 931.2371 3.009e-08 33 45 4.662e-29
1320.636659 5801.5531 17.7 51 57 2.217e-30
1320.803087 4174.2872 0.09218 111 105 6.844e-29
1320.836922 2318.1385 5.117 81 87 4.568e-26
1320.868747 1789.0429 15.57 15 17 1.694e-22
1320.868776 1789.0428 15.57 45 51 5.083e-22
1320.947102 3323.2698 8.386 21 23 7.371e-26
1321.003327 2318.1136 5.115 27 29 1.522e-26
1321.131618 1806.6716 1.423e-07 27 27 2.558e-30
1321.246291 4243.2719 20.03 57 63 1.085e-29
1321.265654 5276.4643 22.39 39 39 2.751e-29
1321.450209 4971.2606 4.057 17 19 9.574e-30
1321.642134 3291.1483 4.828e-05 105 105 2.478e-30
1321.745762 4563.9896 0.5564 13 15 7.268e-30
1321.976239 5413.0026 28.0 15 17 6.805e-30
1322.084147 1355.1991 0.1322 57 57 8.941e-26
1322.112984 2045.9226 2.666 27 33 2.973e-26
1322.160656 5534.111 5.632 25 27 1.266e-30
1322.166274 5534.1104 5.632 75 81 3.798e-30
1322.205395 2318.1385 3.765 87 87 3.603e-26
1322.228065 2318.1136 3.765 29 29 1.201e-26
1322.316852 4741.067 0.4498 15 17 2.864e-30
1322.351288 1411.6115 9.909e-09 39 51 1.752e-30
1322.41169 1684.4392 8.681e-05 75 69 1.558e-29
1322.558014 888.6327 0.01227 13 13 9.188e-24
1322.61322 4929.0688 11.4 13 15 2.522e-29
1322.652748 4929.0616 11.4 39 45 7.566e-29
1322.878211 880.1145 0.01278 13 13 1.982e-26
1322.985866 3321.0133 0.01709 51 57 3.678e-28
1323.092444 1581.336 1.6e-08 63 63 2e-30
1323.113713 2572.1392 0.001354 51 45 1.11e-27
1323.125114 5208.8953 0.515 81 87 1.82e-30
1323.273044 3060.1037 8.287 57 63 1.408e-27
1323.32897 2540.6711 4.456 27 29 4.478e-27
1323.334477 1581.336 3.899 57 63 4.409e-22
1323.418807 3372.4171 10.6 69 75 4.776e-28
1323.439723 4263.1504 14.43 57 57 3.558e-27
1323.636284 4586.6832 0.9516 13 15 1.11e-29
1323.811239 5096.2452 14.42 13 15 1.413e-29
1323.812098 5096.2451 14.43 39 45 4.24e-29
1323.929592 5193.882 22.12 75 75 7.777e-29
1323.951435 927.7439 3.142e-08 11 15 1.642e-29
